Atomic displacement parameters (A2)
U11 U22 U33 U12 U13 U23
Br 0.03555 (15) 0.05091 (17) 0.03161 (14) -0.01198 (11) 0.01077 (10) -0.00502 (11)
S 0.0273 (3) 0.0176 (2) 0.0338 (3) 0.0016 (2) -0.0020 (2) 0.0026 (2)
F 0.0514 (10) 0.0486 (9) 0.0464 (9) 0.0068 (8) 0.0279 (8) -0.0001 (7)
O1 0.0293 (8) 0.0186 (7) 0.0251 (7) -0.0030 (6) 0.0028 (6) 0.0004 (6)
O2A 0.0417 (12) 0.0238 (9) 0.0326 (10) -0.0001 (8) -0.0051 (8) 0.0102 (7)
O2B 0.036 (11) 0.010 (7) 0.025 (9) -0.003 (7) 0.003 (7) 0.007 (6)
C1 0.0228 (11) 0.0192 (9) 0.0233 (10) 0.0001 (8) -0.0023 (8) 0.0019 (8)
C2 0.0258 (11) 0.0199 (10) 0.0193 (9) 0.0000 (8) -0.0033 (8) 0.0016 (7)
C3 0.0263 (11) 0.0229 (10) 0.0177 (9) -0.0020 (8) -0.0031 (8) 0.0008 (8)
C4 0.0294 (12) 0.0228 (10) 0.0277 (11) -0.0014 (9) -0.0008 (9) 0.0027 (8)
C5 0.0323 (13) 0.0297 (11) 0.0285 (11) -0.0081 (10) -0.0003 (9) 0.0042 (9)
C6 0.0257 (12) 0.0389 (13) 0.0207 (10) -0.0049 (10) 0.0013 (8) 0.0001 (9)
C7 0.0320 (13) 0.0304 (11) 0.0218 (10) 0.0015 (9) 0.0009 (9) -0.0005 (9)
C8 0.0298 (12) 0.0257 (10) 0.0178 (9) 0.0006 (9) -0.0012 (8) 0.0001 (8)
C9 0.0392 (14) 0.0205 (10) 0.0219 (10) 0.0034 (9) 0.0031 (9) -0.0010 (8)
C10 0.0378 (13) 0.0184 (10) 0.0234 (10) -0.0017 (9) 0.0014 (9) 0.0006 (8)
C11 0.0254 (11) 0.0227 (10) 0.0198 (10) -0.0024 (8) 0.0004 (8) 0.0006 (8)
C12 0.0254 (11) 0.0187 (10) 0.0222 (10) -0.0003 (8) -0.0032 (8) -0.0007 (7)
C13 0.0237 (11) 0.0220 (10) 0.0222 (10) 0.0012 (8) -0.0008 (8) 0.0030 (8)
C14 0.0298 (12) 0.0241 (10) 0.0286 (11) -0.0009 (9) -0.0007 (9) -0.0006 (9)
C15 0.0408 (14) 0.0267 (11) 0.0269 (11) 0.0049 (10) 0.0028 (10) -0.0031 (9)
C16 0.0353 (14) 0.0326 (12) 0.0294 (12) 0.0094 (10) 0.0094 (10) 0.0058 (9)
C17 0.0255 (12) 0.0281 (11) 0.0349 (12) -0.0001 (9) 0.0015 (9) 0.0082 (9)
C18 0.0271 (12) 0.0231 (10) 0.0250 (11) 0.0002 (9) -0.0032 (9) 0.0011 (8)
C19 0.0353 (14) 0.0251 (11) 0.0375 (13) -0.0045 (10) -0.0070 (10) -0.0012 (9)
