Fractional atomic coordinates and isotropic or equivalent isotropic displacement parameters (A2)
x y z Uiso*/Ueq
C1 0.3043 (3) 0.1779 (4) 0.79280 (13) 0.0445 (6)
C2 0.4358 (4) 0.1697 (5) 0.84058 (17) 0.0604 (8)
H2 0.4201 0.1476 0.8809 0.072*
C3 0.5911 (4) 0.1953 (6) 0.8269 (2) 0.0783 (12)
H3 0.6811 0.1914 0.8584 0.094*
C4 0.6130 (4) 0.2267 (6) 0.7670 (2) 0.0773 (11)
H4 0.7180 0.2427 0.7582 0.093*
C5 0.4818 (5) 0.2344 (5) 0.7202 (2) 0.0746 (10)
H5 0.4980 0.2547 0.6798 0.090*
C6 0.3257 (4) 0.2121 (4) 0.73293 (15) 0.0562 (7)
H6 0.2360 0.2200 0.7015 0.067*
C7 0.1252 (3) 0.3838 (4) 0.90059 (11) 0.0400 (6)
C8 0.2051 (4) 0.5522 (4) 0.90920 (13) 0.0484 (6)
H8 0.2132 0.6288 0.8758 0.058*
C9 0.2725 (4) 0.6041 (4) 0.96827 (15) 0.0558 (7)
C10 0.2645 (4) 0.4935 (4) 1.01861 (14) 0.0590 (8)
H10 0.3122 0.5293 1.0582 0.071*
C11 0.1830 (4) 0.3278 (4) 1.00819 (13) 0.0534 (7)
C12 0.1118 (3) 0.2699 (4) 0.95062 (12) 0.0480 (6)
H12 0.0561 0.1577 0.9451 0.058*
N1 0.0494 (3) 0.3297 (3) 0.84009 (10) 0.0441 (5)
H1N 0.038 (4) 0.418 (3) 0.8138 (12) 0.053*
O1 -0.0021 (3) 0.1298 (3) 0.74998 (9) 0.0527 (5)
O2 0.1112 (3) -0.0066 (3) 0.85135 (10) 0.0574 (6)
Cl1 0.37237 (16) 0.81541 (13) 0.97944 (5) 0.0927 (4)
Cl2 0.16462 (15) 0.18752 (15) 1.07089 (4) 0.0834 (4)
S1 0.10584 (7) 0.14095 (9) 0.80800 (3) 0.0412 (3)
